8 0.317448 0.581481 0.0151042 0.0407407
7 0.35599 0.576389 0.0140625 0.0342593
6 0.50599 0.575926 0.0442708 0.0777778
0 0.173958 0.595833 0.0270833 0.130556
9 0.326562 0.532407 0.0364583 0.101852
1 0.272917 0.56713 0.0197917 0.0546296
0 0.916667 0.60463 0.0260417 0.188889
0 0.770052 0.526852 0.0328125 0.114815
0 0.802344 0.542593 0.0338542 0.17037
0 0.895052 0.603704 0.0307292 0.196296
0 0.948698 0.608796 0.0473958 0.213889
7 0.766406 0.608796 0.0630208 0.130556
3 0.219271 0.590741 0.0510417 0.101852
0 0.857813 0.605556 0.0375 0.198148
1 0.13151 0.606944 0.0755208 0.178704
1 0.0325521 0.633333 0.0651042 0.259259
9 0.410417 0.538889 0.0635417 0.148148
6 0.589323 0.623148 0.145313 0.185185
