9 0.969531 0.518981 0.0609375 0.484259
1 0.246875 0.591204 0.0364583 0.143519
7 0.905208 0.630556 0.0427083 0.112963
9 0.395052 0.531018 0.0932292 0.200926
7 0.932292 0.628241 0.0364583 0.110185
7 0.196354 0.636574 0.0822917 0.126852
7 0.970312 0.654167 0.0583333 0.173148
7 0.709115 0.671759 0.0911458 0.232407
6 0.110677 0.731019 0.221354 0.532407
7 0.840625 0.688889 0.147917 0.222222
9 0.507812 0.441667 0.135417 0.433333
3 0.560156 0.627778 0.132812 0.266667
3 0.33776 0.631944 0.148438 0.291667
