0 0.604688 0.534722 0.0177083 0.0972222
0 0.633073 0.538889 0.0151042 0.122222
0 0.0994792 0.563426 0.021875 0.125
0 0.583594 0.530556 0.0171875 0.118519
0 0.980729 0.750926 0.0375 0.233333
0 0.645052 0.540278 0.0182292 0.130556
3 0.267708 0.54213 0.0479167 0.0898148
0 0.661198 0.547222 0.0203125 0.12037
3 0.770052 0.542593 0.0484375 0.0814815
0 0.218229 0.546759 0.0177083 0.0953704
0 0.929427 0.558796 0.0255208 0.100926
0 0.195052 0.549074 0.0203125 0.103704
0 0.732292 0.611111 0.0520833 0.118519
7 0.413542 0.578704 0.0385417 0.105556
0 0.126823 0.564815 0.0265625 0.131481
0 0.847135 0.633333 0.0359375 0.216667
3 0.33776 0.569444 0.0786458 0.148148
3 0.0442708 0.601852 0.0885417 0.251852
10 0.504948 0.588889 0.128646 0.246296
