1 0.00572917 0.687963 0.0114583 0.153704
0 0.31901 0.683796 0.0328125 0.180556
0 0.0265625 0.677315 0.0302083 0.158333
0 0.551562 0.694907 0.0322917 0.208333
0 0.0744792 0.676852 0.0354167 0.164815
0 0.503385 0.701852 0.0369792 0.207407
0 0.297135 0.674074 0.0296875 0.151852
0 0.336458 0.687963 0.0572917 0.196296
1 0.147656 0.670833 0.0671875 0.150926
0 0.413542 0.703241 0.046875 0.234259
0 0.595052 0.71713 0.0546875 0.273148
2 0.20651 0.72963 0.0921875 0.148148
0 0.467187 0.704167 0.0447917 0.215741
9 0.059375 0.609259 0.11875 0.225926
9 0.256771 0.6125 0.26875 0.197222
0 0.764063 0.738889 0.0875 0.412963
0 0.644531 0.724537 0.0526042 0.321296
