1 0.215365 0.575 0.0359375 0.114815
7 0.204167 0.611574 0.0322917 0.0768519
7 0.35625 0.569907 0.015625 0.037963
0 0.180469 0.590741 0.0213542 0.140741
7 0.922396 0.609259 0.0395833 0.0777778
3 0.278906 0.566667 0.0317708 0.0777778
0 0.155729 0.590278 0.025 0.156481
6 0.516667 0.587963 0.040625 0.103704
0 0.885156 0.593056 0.0276042 0.134259
9 0.925521 0.571759 0.147917 0.14537
0 0.119531 0.611111 0.0338542 0.188889
1 0.249479 0.569907 0.040625 0.106481
10 0.822396 0.581944 0.105208 0.113889
9 0.41875 0.528704 0.0729167 0.166667
6 0.635677 0.661574 0.218229 0.275
