0 0.499219 0.689815 0.0276042 0.183333
9 0.965885 0.637963 0.0671875 0.585185
1 0.0322917 0.679167 0.0645833 0.191667
0 0.0427083 0.683796 0.040625 0.193519
0 0.61901 0.715741 0.0473958 0.257407
0 0.110156 0.686111 0.0348958 0.2
12 0.774219 0.659259 0.270312 0.309259
0 0.336719 0.706944 0.0619792 0.223148
2 0.258333 0.717593 0.0854167 0.135185
0 0.533333 0.721296 0.0520833 0.274074
0 0.580729 0.722685 0.0458333 0.271296
9 0.341667 0.611111 0.2875 0.222222
0 0.865885 0.771759 0.0692708 0.425
0 0.758073 0.749074 0.0828125 0.353704
9 0.09375 0.615278 0.1875 0.250926
