8 0.317187 0.581481 0.015625 0.0407407
0 0.992188 0.613426 0.015625 0.223148
1 0.00989583 0.633796 0.0197917 0.300926
7 0.356771 0.575 0.0145833 0.0351852
9 0.325521 0.52963 0.0364583 0.101852
1 0.269531 0.567593 0.0203125 0.0537037
0 0.973958 0.60787 0.0302083 0.217593
0 0.159896 0.596296 0.0322917 0.142593
6 0.502344 0.574074 0.0463542 0.0777778
0 0.833594 0.537037 0.0359375 0.183333
0 0.800781 0.525463 0.0317708 0.132407
7 0.795833 0.6125 0.0666667 0.136111
3 0.210417 0.591204 0.0552083 0.108333
0 0.948698 0.605556 0.0328125 0.216667
1 0.104948 0.610648 0.0817708 0.200926
0 0.908333 0.610648 0.0427083 0.212037
9 0.409375 0.538426 0.0645833 0.147222
6 0.586198 0.616667 0.142188 0.181481
