0 0.945833 0.7125 0.03125 0.239815
0 0.68099 0.660185 0.0203125 0.131481
0 0.551823 0.643981 0.0223958 0.0990741
0 0.976302 0.74213 0.0432292 0.315741
0 0.233594 0.634722 0.0203125 0.106481
0 0.214844 0.631481 0.0192708 0.109259
7 0.648958 0.684259 0.0447917 0.101852
0 0.0502604 0.662963 0.0619792 0.287037
0 0.909115 0.705556 0.0390625 0.274074
1 0.51276 0.650463 0.0567708 0.152778
8 0.426302 0.806019 0.0911458 0.297222
0 0.10651 0.733796 0.0744792 0.362037
0 0.168229 0.716667 0.05625 0.342593
1 0.321615 0.673611 0.0901042 0.243519
