1 0.403125 0.556944 0.0322917 0.10463
1 0.43099 0.553241 0.0255208 0.0842593
0 0.294792 0.537963 0.0177083 0.0796296
3 0.735156 0.572685 0.0473958 0.075
0 0.177604 0.546296 0.021875 0.131481
0 0.451302 0.563426 0.0255208 0.108333
0 0.15599 0.54213 0.0244792 0.130556
0 0.322656 0.573611 0.0244792 0.102778
1 0.779948 0.581944 0.0338542 0.0953704
0 0.122396 0.536574 0.0302083 0.141667
0 0.0601562 0.567593 0.0442708 0.201852
0 0.655208 0.584259 0.04375 0.275926
7 0.50026 0.593518 0.0338542 0.0962963
1 0.884115 0.599537 0.0567708 0.125
7 0.136198 0.635648 0.0546875 0.143519
3 0.826302 0.594907 0.0682292 0.112037
1 0.225 0.587963 0.0729167 0.175926
1 0.366146 0.57963 0.0510417 0.138889
