3 0.441927 0.542593 0.0359375 0.0907407
1 0.322656 0.536574 0.0317708 0.0805556
0 0.609375 0.559722 0.0291667 0.165741
0 0.728385 0.552778 0.0244792 0.201852
0 0.707031 0.561574 0.0234375 0.143519
7 0.38151 0.568981 0.0328125 0.0842593
0 0.641146 0.554167 0.034375 0.206481
3 0.866406 0.527315 0.0536458 0.0916667
0 0.760156 0.565741 0.0453125 0.227778
3 0.967708 0.573148 0.0635417 0.164815
3 0.0932292 0.604167 0.107292 0.199074
3 0.216146 0.646296 0.16875 0.283333
10 0.503906 0.600926 0.124479 0.231481
