1 0.00598958 0.688889 0.0119792 0.155556
0 0.0278646 0.67963 0.0317708 0.153704
0 0.0747396 0.678704 0.0348958 0.161111
0 0.303385 0.674074 0.0359375 0.155556
0 0.530208 0.690741 0.0291667 0.203704
0 0.626823 0.727315 0.0421875 0.30463
0 0.584896 0.718056 0.0489583 0.263889
0 0.34401 0.685185 0.0348958 0.194444
2 0.210417 0.73287 0.0916667 0.149074
1 0.158333 0.670833 0.0572917 0.156481
0 0.45651 0.702778 0.0411458 0.207407
0 0.49375 0.697222 0.0385417 0.209259
0 0.404167 0.7 0.0479167 0.224074
9 0.25 0.612963 0.269792 0.194444
9 0.0575521 0.611574 0.115104 0.241667
0 0.730729 0.731944 0.0760417 0.376852
