0 0.988802 0.559722 0.0203125 0.102778
0 0.608594 0.541667 0.0151042 0.127778
0 0.170052 0.561111 0.0265625 0.107407
0 0.62474 0.541204 0.0203125 0.113889
0 0.195833 0.559722 0.021875 0.106481
3 0.252344 0.548611 0.0442708 0.0916667
0 0.594792 0.540741 0.0197917 0.138889
0 0.65625 0.544907 0.0197917 0.152778
0 0.675 0.544907 0.028125 0.160185
0 0.967188 0.681944 0.059375 0.282407
3 0.820052 0.548611 0.0609375 0.0990741
7 0.411458 0.579167 0.0375 0.0972222
0 0.797917 0.6375 0.0604167 0.143519
3 0.316927 0.586111 0.0921875 0.172222
3 0.0617188 0.597685 0.123438 0.219444
10 0.510677 0.596759 0.127604 0.241667
