0 0.538021 0.6375 0.0166667 0.0916667
0 0.544792 0.638889 0.0145833 0.0925926
0 0.329688 0.688426 0.025 0.223148
0 0.564323 0.651389 0.0171875 0.0935185
0 0.586719 0.656944 0.0255208 0.128704
0 0.215104 0.696296 0.03125 0.244444
0 0.30599 0.694907 0.0307292 0.250926
0 0.371615 0.681944 0.0255208 0.217593
0 0.116146 0.7 0.0427083 0.255556
0 0.183073 0.664352 0.0296875 0.200926
0 0.248437 0.733796 0.0666667 0.434259
0 0.834896 0.728241 0.0614583 0.365741
12 0.892969 0.70463 0.213021 0.475926
1 0.446354 0.708796 0.144792 0.410185
1 0.709635 0.728241 0.178646 0.426852
