4 0.851562 0.514815 0.0510417 0.0777778
0 0.248437 0.530556 0.0177083 0.0851852
0 0.79349 0.525926 0.0151042 0.0555556
0 0.561198 0.518981 0.0140625 0.0935185
3 0.279427 0.531482 0.0432292 0.0851852
0 0.579427 0.523148 0.0161458 0.0851852
0 0.638802 0.539815 0.0192708 0.101852
0 0.607552 0.523148 0.0213542 0.109259
0 0.839844 0.546759 0.0234375 0.0842593
0 0.660937 0.583333 0.0333333 0.101852
3 0.711458 0.530093 0.0458333 0.0731481
0 0.733594 0.587963 0.0255208 0.164815
7 0.382031 0.581019 0.0463542 0.125
0 0.76849 0.634722 0.0505208 0.143519
0 0.836458 0.680556 0.08125 0.159259
0 0.213021 0.633333 0.065625 0.32037
3 0.0799479 0.653704 0.159896 0.409259
10 0.492448 0.578241 0.135937 0.25463
