7 0.472396 0.566204 0.0114583 0.037963
1 0.315104 0.552778 0.0125 0.037037
8 0.328906 0.567593 0.0130208 0.0333333
3 0.288542 0.563889 0.025 0.0685185
7 0.360417 0.57037 0.0145833 0.037037
0 0.188542 0.5875 0.0208333 0.128704
0 0.207813 0.582407 0.021875 0.124074
0 0.165104 0.602315 0.0322917 0.158333
0 0.840104 0.586111 0.028125 0.127778
7 0.884896 0.603704 0.0302083 0.0722222
1 0.263281 0.568056 0.0390625 0.100926
6 0.513021 0.587037 0.0552083 0.111111
10 0.789062 0.577315 0.090625 0.106481
9 0.913021 0.568519 0.173958 0.142593
6 0.647656 0.668056 0.239063 0.29537
9 0.419792 0.525 0.0739583 0.175926
