9 0.672396 0.600926 0.247917 0.275926
0 0.0078125 0.678704 0.015625 0.190741
0 0.957292 0.753241 0.05625 0.310185
0 0.704167 0.735185 0.0333333 0.294444
0 0.348437 0.710185 0.053125 0.242593
0 0.673177 0.742593 0.0484375 0.312963
0 0.379427 0.67963 0.0296875 0.174074
2 0.3 0.718518 0.0791667 0.140741
1 0.0609375 0.681481 0.078125 0.212963
0 0.617448 0.735185 0.0651042 0.316667
0 0.885938 0.767593 0.0854167 0.416667
0 0.127604 0.69213 0.0489583 0.219444
9 0.39401 0.601852 0.314063 0.218519
9 0.145833 0.608333 0.184375 0.262963
12 0.861458 0.668981 0.276042 0.369444
