0 0.245312 0.587037 0.0197917 0.111111
7 0.251823 0.59537 0.0296875 0.0777778
7 0.263021 0.59537 0.0260417 0.0685185
7 0.372135 0.573148 0.0151042 0.0425926
0 0.786198 0.584722 0.0265625 0.100926
9 0.354167 0.526852 0.0291667 0.0851852
1 0.289062 0.569907 0.0333333 0.087963
0 0.225 0.593518 0.0260417 0.127778
6 0.975781 0.608333 0.0473958 0.12963
7 0.833333 0.606019 0.03125 0.0638889
6 0.496094 0.603704 0.0880208 0.135185
9 0.425521 0.530556 0.0802083 0.183333
9 0.877344 0.573148 0.153646 0.133333
1 0.053125 0.675 0.10625 0.52037
6 0.670313 0.699074 0.282292 0.335185
