0 0.35651 0.627315 0.0109375 0.075
10 0.505729 0.621296 0.0229167 0.0518519
1 0.461198 0.624537 0.0140625 0.0490741
7 0.480208 0.634259 0.0114583 0.0333333
5 0.50599 0.621759 0.0234375 0.0509259
6 0.43151 0.632407 0.0453125 0.062963
0 0.344792 0.62963 0.0135417 0.0740741
0 0.33125 0.630556 0.0145833 0.0759259
1 0.627083 0.636111 0.0229167 0.062963
0 0.164583 0.663889 0.0447917 0.207407
1 0.383594 0.627315 0.0338542 0.0861111
0 0.238021 0.666204 0.0354167 0.186111
1 0.597917 0.634722 0.0302083 0.0842593
