0 0.334375 0.689352 0.0302083 0.225
5 0.62526 0.638426 0.0609375 0.156481
0 0.740885 0.652778 0.0276042 0.17963
7 0.286719 0.709259 0.0536458 0.144444
0 0.0239583 0.760185 0.0479167 0.442593
0 0.428906 0.67963 0.0182292 0.124074
0 0.404948 0.6625 0.0213542 0.158333
2 0.481771 0.718518 0.0729167 0.146296
0 0.357292 0.700463 0.0364583 0.217593
0 0.22474 0.702778 0.0463542 0.283333
0 0.663281 0.691204 0.0369792 0.225
0 0.161979 0.75463 0.084375 0.483333
0 0.702865 0.6875 0.0432292 0.230556
1 0.565365 0.679167 0.0963542 0.284259
