0 0.353906 0.684722 0.0276042 0.160185
0 0.548698 0.693056 0.0348958 0.210185
0 0.331771 0.689352 0.0416667 0.199074
0 0.0291667 0.680556 0.0333333 0.157407
0 0.514583 0.699537 0.0375 0.217593
0 0.0757812 0.680093 0.0369792 0.167593
2 0.207292 0.731019 0.0927083 0.147222
0 0.296615 0.676389 0.0317708 0.150926
1 0.136719 0.673148 0.0786458 0.159259
9 0.0619792 0.60787 0.123958 0.223148
0 0.48099 0.703704 0.0411458 0.227778
0 0.611979 0.713426 0.0541667 0.287963
0 0.429427 0.703241 0.0494792 0.230556
9 0.266146 0.6125 0.263542 0.197222
0 0.667969 0.7375 0.0557292 0.337963
0 0.813542 0.751389 0.0927083 0.443519
