0 0.829687 0.600463 0.021875 0.160185
7 0.716927 0.605093 0.0494792 0.115741
8 0.319271 0.582407 0.0135417 0.0388889
7 0.354688 0.580093 0.0145833 0.0342593
0 0.725 0.541204 0.0291667 0.113889
6 0.510677 0.579167 0.0432292 0.0842593
1 0.277604 0.566204 0.0208333 0.0527778
9 0.328646 0.533796 0.034375 0.100926
0 0.752604 0.54537 0.025 0.151852
0 0.85026 0.602315 0.0380208 0.175
0 0.813281 0.598611 0.0276042 0.165741
10 0.953125 0.583333 0.09375 0.153704
0 0.783594 0.602778 0.0348958 0.168519
7 0.0429688 0.67037 0.0848958 0.172222
3 0.234635 0.586111 0.0473958 0.0962963
1 0.090625 0.612963 0.075 0.196296
1 0.16901 0.598611 0.0651042 0.152778
6 0.601562 0.636111 0.1625 0.209259
9 0.41276 0.539352 0.0661458 0.150926
