3 0.299219 0.561574 0.0223958 0.0694444
6 0.989844 0.608333 0.0203125 0.0796296
9 0.348177 0.523611 0.0296875 0.0861111
0 0.229167 0.580093 0.01875 0.113889
0 0.198437 0.595833 0.0239583 0.139815
1 0.0304688 0.696759 0.0609375 0.573148
7 0.366146 0.569907 0.015625 0.0398148
0 0.806771 0.585185 0.025 0.112963
10 0.771354 0.577315 0.065625 0.0990741
1 0.276563 0.564815 0.0354167 0.0944444
7 0.85625 0.601852 0.0302083 0.0685185
6 0.505469 0.593982 0.0703125 0.121296
9 0.892187 0.568981 0.167708 0.136111
9 0.422396 0.526389 0.078125 0.178704
6 0.658073 0.681481 0.258854 0.316667
