1 0.0398437 0.706019 0.0796875 0.580556
9 0.0671875 0.606481 0.0989583 0.22963
2 0.229427 0.736574 0.0984375 0.162037
0 0.0789063 0.672685 0.0307292 0.15463
0 0.282813 0.674074 0.03125 0.133333
0 0.564583 0.706481 0.05 0.255556
0 0.402083 0.69537 0.0385417 0.214815
0 0.320052 0.669444 0.0348958 0.140741
1 0.169271 0.668981 0.0572917 0.167593
0 0.36224 0.681944 0.0411458 0.180556
0 0.605208 0.71713 0.0458333 0.293519
0 0.445573 0.698148 0.0453125 0.214815
0 0.496615 0.694444 0.0442708 0.196296
9 0.241927 0.609259 0.249479 0.185185
0 0.689062 0.71713 0.065625 0.334259
7 0.911719 0.787963 0.176563 0.424074
