0 0.976302 0.744444 0.0463542 0.25
0 0.582552 0.498611 0.0171875 0.0916667
0 0.622656 0.548148 0.0317708 0.0962963
0 0.776563 0.524537 0.0197917 0.0768519
0 0.675781 0.56713 0.0338542 0.115741
7 0.405208 0.555093 0.0375 0.123148
7 0.348698 0.583333 0.0536458 0.151852
0 0.715365 0.603704 0.0442708 0.112963
0 0.276563 0.560648 0.0479167 0.215741
0 0.817969 0.674537 0.0848958 0.160185
7 0.0523437 0.698611 0.104687 0.315741
3 0.167708 0.572222 0.147917 0.27037
10 0.486458 0.576389 0.145833 0.278704
